Threads(I)  Time(sec)(T_i)         Gain(S) Gain Modified(S)
         1               1.004873        1.004873
         2       35.013764        1.739065        0.869532
         4       17.512423        3.477029        0.869257
         7       10.445815        5.829244        0.832749
         8        9.338575        6.520396        0.815050
        16       10.751381        5.663571        0.353973
        20       10.088913        6.035458        0.301773
        40        9.101624        6.690147        0.167254

