Threads(I)  Time(sec)(T_i)         Gain(S) Gain Modified(S)
         1       55.466125        1.066904        1.066904
         2       29.140773        2.030730        1.015365
         4       15.055825        3.930508        0.982627
         7        8.859670        6.679373        0.954196
         8        8.038923        7.361313        0.920164
        16        9.796530        6.040612        0.377538
        20        9.446771        6.264260        0.313213
        40        8.520302        6.945415        0.173635

